10566927623212479409 0 10566927623212479409 10566927623212479409 10566927623212479409 10566927623212479409 -187190351 -187190351 4107776945 4107776945 
10417216574591603946 0 10417216574591603946 10417216574591603946 10417216574591603946 10417216574591603946 618140906 618140906 618140906 618140906 
9263952878818766366 0 9263952878818766366 9263952878818766366 9263952878818766366 9263952878818766366 -1913442786 -1913442786 2381524510 2381524510 
12931302461800183300 0 12931302461800183300 12931302461800183300 12931302461800183300 12931302461800183300 1992029700 1992029700 1992029700 1992029700 
18446744073709551614 0 18446744073709551614 18446744073709551614 18446744073709551614 18446744073709551614 -2 -2 4294967294 4294967294 
18429238418656414035 0 18429238418656414035 18429238418656414035 18429238418656414035 18429238418656414035 285165907 285165907 285165907 285165907 
10794575590062568305 0 10794575590062568305 10794575590062568305 10794575590062568305 10794575590062568305 -1698155663 -1698155663 2596811633 2596811633 
10951853986682448918 0 10951853986682448918 10951853986682448918 10951853986682448918 10951853986682448918 -332977130 -332977130 3961990166 3961990166 
5826178300634920603 0 5826178300634920603 5826178300634920603 5826178300634920603 5826178300634920603 -949029221 -949029221 3345938075 3345938075 
13402697244964490218 0 13402697244964490218 13402697244964490218 13402697244964490218 13402697244964490218 1043794922 1043794922 1043794922 1043794922 
