0 18446744073709551615 9223372036854775808 9223372036854775807 0 18446744073709551615 -2147483648 2147483647 0 4294967295 
11434765563081290100 0 11434765563081290100 11434765563081290100 11434765563081290100 11434765563081290100 357855604 357855604 357855604 357855604 
18446744073709551614 0 18446744073709551614 18446744073709551614 18446744073709551614 18446744073709551614 -2 -2 4294967294 4294967294 
10615739564149214357 0 10615739564149214357 10615739564149214357 10615739564149214357 10615739564149214357 -1792242539 -1792242539 2502724757 2502724757 
18242231251825517524 0 18242231251825517524 18242231251825517524 18242231251825517524 18242231251825517524 194438100 194438100 194438100 194438100 
17455677803455374835 0 17455677803455374835 17455677803455374835 17455677803455374835 17455677803455374835 1688266227 1688266227 1688266227 1688266227 
14425746939610662451 0 14425746939610662451 14425746939610662451 14425746939610662451 14425746939610662451 590087731 590087731 590087731 590087731 
17223994252776797764 0 17223994252776797764 17223994252776797764 17223994252776797764 17223994252776797764 706836036 706836036 706836036 706836036 
11170731392493701614 0 11170731392493701614 11170731392493701614 11170731392493701614 11170731392493701614 853821934 853821934 853821934 853821934 
10924361284948984812 0 10924361284948984812 10924361284948984812 10924361284948984812 10924361284948984812 2070545388 2070545388 2070545388 2070545388 
108061364914716087 0 108061364914716087 108061364914716087 108061364914716087 108061364914716087 632257975 632257975 632257975 632257975 
10884837999421206661 0 10884837999421206661 10884837999421206661 10884837999421206661 10884837999421206661 2032971909 2032971909 2032971909 2032971909 
0 0 0 0 0 0 0 0 0 0 
5726537214212878144 0 5726537214212878144 5726537214212878144 5726537214212878144 5726537214212878144 2117513024 2117513024 2117513024 2117513024 
621869420085414928 0 621869420085414928 621869420085414928 621869420085414928 621869420085414928 1490979856 1490979856 1490979856 1490979856 
0 0 0 0 0 0 0 0 0 0 
13457653532010257457 0 13457653532010257457 13457653532010257457 13457653532010257457 13457653532010257457 -306144207 -306144207 3988823089 3988823089 
0 0 0 0 0 0 0 0 0 0 
13109079468729684261 0 13109079468729684261 13109079468729684261 13109079468729684261 13109079468729684261 1778372901 1778372901 1778372901 1778372901 
0 18446744073709551615 9223372036854775808 9223372036854775807 0 18446744073709551615 -2147483648 2147483647 0 4294967295 
