1165297332643703208 0 1165297332643703208 1165297332643703208 1165297332643703208 1165297332643703208 32516520 32516520 32516520 32516520
10417216574591603946 0 -8029527499117947670 -8029527499117947670 10417216574591603946 10417216574591603946 618140906 618140906 618140906 618140906
9776076265959241605 0 -8670667807750310011 -8670667807750310011 9776076265959241605 9776076265959241605 1772140421 1772140421 1772140421 1772140421
17341133668884343215 0 -1105610404825208401 -1105610404825208401 17341133668884343215 17341133668884343215 -798299729 -798299729 3496667567 3496667567
4415447734639275494 0 4415447734639275494 4415447734639275494 4415447734639275494 4415447734639275494 326774246 326774246 326774246 326774246
5035328065079651504 0 5035328065079651504 5035328065079651504 5035328065079651504 5035328065079651504 1721806000 1721806000 1721806000 1721806000
16699117892644502005 0 -1747626181065049611 -1747626181065049611 16699117892644502005 16699117892644502005 1701968373 1701968373 1701968373 1701968373
13079521766869896395 0 -5367222306839655221 -5367222306839655221 13079521766869896395 13079521766869896395 -1438315317 -1438315317 2856651979 2856651979
5826178300634920603 0 5826178300634920603 5826178300634920603 5826178300634920603 5826178300634920603 -949029221 -949029221 3345938075 3345938075
780761653548508383 0 780761653548508383 780761653548508383 780761653548508383 780761653548508383 1442931935 1442931935 1442931935 1442931935
